34.8471 12.7376 0.639099
30.0328 27.904 2.01582
38.7335 26.7225 0.177821
40.112 20.9576 0.227179
12.6531 37.1471 3.0576
25.5697 41.3413 -0.0294134
1.48377 29.9926 1.26045
5.87006 32.0782 1.18708
32.9839 20.1692 0.0740418
39.1319 27.5972 0.524315
31.1427 0.442287 2.82113
29.8298 3.56235 2.68202
33.8042 11.7405 0.75173
20.5709 36.6265 2.46622
37.7776 14.8027 0.376776
38.3154 26.0373 0.677
31.0792 16.6235 0.422087
17.9763 33.2267 2.81383
16.5655 35.1334 3.05095
14.0318 38.3776 -2.95613
37.2591 23.961 0.612182
34.2001 15.6459 0.782197
41.7071 20.4698 0.379616
2.79297 9.29718 2.51479
33.688 13.288 0.970264
42.0597 21.0925 0.211596
13.1956 10.4535 2.13347
25.7117 31.6964 2.07611
40.7524 22.6487 -0.153524
24.8182 41.6749 0.188926
30.9844 14.6058 0.65932
34.4938 13.456 0.953374
34.3366 13.0438 0.742896
29.8924 19.0124 1.11358
34.0251 14.7228 0.731056
14.4376 36.2513 -2.72641
36.3834 16.1364 0.541323
35.4866 13.6175 0.663696
33.3809 13.396 0.642274
3.50279 40.3622 0.876391
28.1674 46.5509 2.7297
0.5695 8.0179 1.89742
33.3561 15.6214 0.56341
34.091 13.1628 0.52017
48.5637 21.7246 2.3729
29.4009 17.4059 0.725584
4.4241 33.1401 1.21947
37.8297 24.0578 0.292112
15.0518 38.5386 3.13616
32.401 19.5818 0.461059
43.1962 20.472 0.216316
15.984 35.112 2.87831
38.8175 25.9932 0.209284
36.1671 15.9264 0.760944
25.4046 43.2691 0.229794
39.8657 21.0836 0.133878
14.8188 38.5893 3.31531
15.8721 37.2922 3.09025
32.7922 15.6923 0.646896
37.7304 10.5314 0.638527
18.2923 34.7955 2.5672
0.718027 29.8472 1.46134
39.8958 22.4435 -0.201121
15.4137 39.2913 3.26647
14.8881 36.9687 -2.87587
42.0077 21.6253 -0.190384
36.362 13.1988 0.99838
39.0953 25.0256 0.352191
27.1572 32.8464 2.02541
34.9649 12.7546 0.861486
33.1989 15.8588 0.97675
49.9784 6.71831 2.86366
37.6699 11.903 0.712004
29.6091 2.34627 2.81047
32.0922 20.5495 0.0885844
13.2917 15.9607 -1.53566
43.9037 22.5019 1.60129
37.9238 25.0422 0.225224
27.9426 3.10321 2.9692
21.1238 36.6377 3.02258
40.1342 21.5887 -0.0624026
26.3809 32.2486 1.98531
34.8181 13.5598 0.723771
39.9385 26.3998 0.146415
38.5315 40.4223 -2.71231
28.1747 29.5225 1.82358
36.6447 17.298 0.660819
1.13242 7.68532 1.89536
36.8186 11.9062 0.654224
32.9679 14.4518 0.604159
25.9067 43.8558 0.229725
3.57142 39.5932 0.671086
41.9746 19.3673 0.107785
33.8921 15.0335 0.91384
14.3618 17.3973 -1.96082
2.27794 7.17023 1.7964
33.3015 14.5319 0.588313
26.1796 31.8549 2.01357
33.128 14.9025 0.765086
37.2261 12.9014 0.458218
14.3928 39.1264 3.08892
32.4988 13.1707 0.88691
30.6819 15.4534 0.61854
37.9365 36.0864 1.19687
7.07828 32.8535 -0.51252
32.8242 15.9861 0.698039
32.4689 11.551 1.1389
14.1002 36.355 -2.92727
27.3042 29.7931 1.92713
17.3134 35.4366 3.2096
14.2719 38.055 -3.18228
31.9388 16.8343 0.718312
46.2961 21.4312 2.08458
29.6737 28.4559 1.98946
31.9315 48.8865 -3.01017
34.7012 46.5754 0.996336
18.2917 34.1628 2.52234
40.308 26.979 0.334269
32.3306 14.74 0.919909
27.1682 29.5182 1.87778
12.1463 36.9971 3.33959
32.7921 17.3725 0.629437
28.8343 44.7023 2.56994
38.0184 9.85067 0.570868
12.3996 37.7299 -2.89038
36.5026 23.3997 0.108657
31.6806 49.7515 -3.07533
38.9863 22.1823 -0.0281542
28.705 2.25648 2.90483
33.9715 15.3882 0.773301
24.1183 42.2688 0.126039
38.0408 24.1212 0.597715
38.2992 25.7864 0.678133
14.9972 36.1753 -3.00498
24.6048 42.8095 -0.0453605
28.3381 39.3423 1.21991
48.9577 19.8765 1.85836
34.153 16.4582 0.97073
13.7355 18.0154 -2.23216
39.5877 28.0243 0.561723
26.8209 40.6309 0.0363851
19.9712 29.452 -1.35607
42.8464 23.0707 1.65724
20.063 13.1163 1.30412
36.009 13.3097 0.98824
36.7835 17.6889 0.382603
35.0843 17.439 0.56339
29.8533 3.21445 2.55464
28.7676 1.89566 2.97575
35.667 16.6526 0.514667
26.245 39.3229 -2.93278
13.252 38.0941 -3.31291
13.6301 38.8993 -3.15589
31.931 12.2318 0.699578
32.5643 15.3667 0.893473
12.1939 18.5955 -1.26057
34.8155 48.1144 0.783943
36.1764 13.4784 0.483803
17.2602 37.4882 -3.11319
32.7783 16.8953 0.954958
27.7745 2.35664 3.04151
3.43882 9.04968 2.47629
33.3379 15.6238 0.763798
33.2808 16.3452 0.713481
36.8355 24.6918 0.4065
28.2854 45.0093 2.88916
17.3504 37.0143 -2.99091
38.5157 13.0201 0.59079
33.362 14.552 0.840949
26.6247 42.8731 0.377077
39.5854 21.5711 -0.15229
33.047 13.6257 0.651475
20.4999 38.928 3.01027
12.2637 9.87543 2.64249
36.4193 15.1243 0.781734
34.0308 16.0745 0.620766
4.78985 32.029 1.43425
42.7241 20.4002 0.23243
13.0923 39.0223 -3.27276
27.1974 29.5757 1.92157
34.6902 11.8296 1.06517
20.25 37.3104 2.88167
23.3617 42.4277 0.11367
37.7845 12.6005 0.466477
32.2248 11.5983 0.735647
26.6374 29.1457 1.97343
11.9621 17.9988 -1.16132
30.5472 17.9035 0.755059
20.5534 37.5926 2.88837
25.7707 41.793 0.203522
33.5361 16.8622 0.777143
16.5144 36.0723 2.87778
43.2681 22.9464 1.54945
6.34362 30.8685 1.5214
13.4381 16.6866 -2.00414
37.0264 10.6896 1.2333
39.321 25.644 0.669605
41.5264 21.0159 0.117809
23.8782 41.8119 0.027907
17.9252 35.3431 2.83297
32.8586 15.3325 0.905242
35.4063 15.4195 0.627582
28.4055 2.23972 2.63879
40.775 20.6086 -0.00802438
26.0169 33.2294 1.84225
0.111353 24.1278 1.46155
31.4941 17.512 0.472097
24.8021 32.6682 1.48557
33.8232 12.4443 0.688408
15.1011 37.7127 3.19188
27.5548 28.0653 1.679
36.1392 13.728 0.949651
38.7714 23.4466 0.398516
25.9963 31.8934 1.58063
42.0957 20.2513 0.398527
34.9806 16.2902 0.820901
29.7842 0.424222 2.76843
26.2698 42.4797 0.128493
32.1905 13.9675 0.867361
38.1544 26.2681 0.441226
25.1322 42.1946 -0.126512
35.1529 14.3071 0.561347
32.853 16.4879 0.835893
4.35462 39.7859 0.570453
4.17994 38.321 0.624851
33.8106 18.1917 0.352055
27.2924 42.783 0.425514
14.0227 38.1871 -3.0894
4.11215 32.7343 1.05335
20.7607 38.9602 3.04738
32.2001 20.621 0.220657
33.1578 16.6337 1.1293
37.0168 25.6499 0.48996
6.67896 33.7191 -0.367591
47.6882 20.569 2.54636
34.2108 14.2024 0.621506
35.6666 15.0134 0.397637
34.4545 11.196 0.723165
33.6532 15.2468 0.668622
6.89586 33.5298 -0.808228
47.9498 21.2083 2.7248
17.5104 36.02 2.979
30.2617 17.0639 1.07713
35.3673 13.5645 0.863945
30.8039 27.7661 1.60404
33.749 14.1131 0.97289
28.6219 28.4639 2.01067
49.573 23.5144 1.03921
24.3114 32.282 1.94499
33.5592 15.4896 0.769934
49.2082 21.5912 2.54928
26.8048 32.6968 2.03875
25.6597 42.2063 -0.210459
40.9025 27.0463 -0.149815
35.8304 15.4831 0.699947
41.392 21.0429 0.337758
31.1392 16.2025 0.882764
35.0923 11.2024 0.608913
27.9108 2.26757 2.91827
12.8734 44.1099 0.214954
34.4692 48.1512 0.621008
34.9912 17.1686 0.81947
39.639 21.182 0.351211
33.3996 16.3422 0.786366
38.5189 23.8191 0.0451358
30.8185 0.44029 2.83507
36.7877 13.4232 0.979139
37.9168 40.76 -2.70051
32.5188 21.3338 0.306192
14.6696 38.7649 2.98287
28.858 27.879 1.25324
28.4417 30.2732 1.77423
11.5783 9.61441 2.9203
14.4597 18.527 -1.8652
17.2803 34.7004 3.19985
48.1865 18.9421 2.00581
14.4437 37.2279 -3.17769
36.8076 12.0345 0.828723
42.4163 20.6535 -0.124423
31.654 15.7708 0.934217
32.7612 13.7399 1.03561
0.106682 23.1859 1.38426
33.246 12.398 0.581048
40.3131 21.9051 -0.303644
33.8653 10.6838 0.488808
3.13386 9.18583 2.42858
31.3976 20.1268 -0.0275839
35.7396 13.9163 0.661911
31.6054 13.7897 0.829097
12.2635 18.118 -1.55379
38.8457 27.339 0.362846
30.4701 15.2894 0.667413
29.3449 27.6997 1.58845
31.1872 15.7213 0.842439
34.1054 14.2524 0.785183
38.7077 26.7452 0.611837
37.5088 39.4549 -2.74514
34.0545 13.0926 0.602453
35.6721 11.7011 0.592221
26.8411 32.1819 2.12789
21.5225 38.194 2.94457
28.1686 45.8221 2.52373
34.9298 15.074 0.829863
39.9959 26.1046 0.588571
29.1405 18.7426 1.19771
34.9108 13.4579 0.657479
38.7227 25.7388 0.629881
32.0576 16.2749 0.543005
37.9365 26.9828 0.190018
40.576 22.8887 0.0208758
16.3215 34.5759 2.85164
14.6663 44.0442 0.592509
32.567 15.2281 0.884891
12.9107 18.8028 -1.14513
28.1644 32.0248 1.61105
34.0882 14.7399 0.626985
37.5027 26.4337 0.514262
28.5385 28.9023 1.5124
49.0544 18.6997 1.95652
13.0288 39.5578 -3.10049
32.9849 14.1984 0.825046
35.362 13.6784 0.999467
25.4793 31.7419 2.0134
35.0526 18.217 0.40541
34.0052 17.3464 0.451964
23.9135 41.6762 -0.275658
37.1942 23.7458 0.46525
5.55679 31.9612 1.29918
39.7797 21.6067 -0.0346057
34.5035 15.5667 0.810721
34.3145 13.1077 0.738769
34.4001 17.6641 0.647052
38.5592 25.2789 0.704265
33.9017 13.5669 0.930824
20.5759 38.0022 2.91473
46.5852 28.3807 -0.253027
35.421 12.0138 0.9698
40.1649 27.1632 0.0537478
33.7223 14.4697 0.541743
36.8152 12.6619 0.859438
36.826 13.5648 0.943073
39.6476 14.187 2.11816
34.2633 13.5287 0.709683
31.4092 16.7082 0.702831
27.6913 30.0771 1.68868
34.0923 12.0849 0.971382
47.5866 19.8268 2.14904
28.5205 29.2897 1.52458
27.4193 48.1229 -2.06425
34.12 13.7993 0.510448
32.0584 12.3873 0.791901
17.8684 10.0518 3.06375
35.7375 13.4423 0.800233
26.2168 32.8971 1.79583
24.4205 42.4593 -0.00859589
35.6009 15.7219 0.889274
29.4666 1.10621 2.7163
31.943 15.0252 1.1447
25.7939 42.2046 0.271394
35.9053 16.3869 0.78103
47.3208 22.229 2.52922
39.8331 20.7062 0.187445
36.2465 12.5324 0.893117
28.5 45.7133 2.6831
14.3037 43.0054 0.00476314
33.0151 20.1639 0.620719
28.9896 28.9472 2.03209
37.1431 22.8858 -0.0570436
40.9978 21.1362 -0.00674417
0.233277 49.3636 2.41231
7.84156 31.2174 1.59992
36.5746 25.7383 0.197577
25.7474 30.8504 1.66084
35.9237 17.9112 0.48657
20.7859 38.2544 2.44313
0.562833 23.9168 1.58864
36.9322 11.4291 0.814162
26.8493 42.2817 0.306476
30.4341 3.91638 2.63609
29.3019 2.73193 2.35071
48.2782 20.5882 2.21875
0.534419 24.2293 1.59393
29.1435 1.87565 2.42412
38.053 14.4552 0.424257
33.3416 15.3726 0.574031
12.877 38.3956 -2.91284
39.6597 25.9442 0.517185
45.7829 37.3905 -0.753677
34.0967 18.5427 0.7132
41.5281 20.2027 0.539322
27.3338 4.56394 -2.38843
31.9607 19.7642 0.405199
34.7061 15.1787 0.865953
34.5361 16.8374 0.668536
34.1405 15.1611 0.629108
35.5348 14.5928 0.770413
33.756 15.6534 1.04647
33.7591 14.3257 0.866563
32.8346 14.6501 0.915219
26.0207 43.0711 0.0049166
2.92971 6.75943 2.08953
15.4122 34.9385 2.71971
0.523829 6.88647 2.60761
27.7672 31.8671 1.61607
27.0184 1.8416 2.9163
33.644 13.8872 0.659633
5.23105 37.8268 -0.826365
18.0385 10.1592 2.7911
33.4367 12.053 0.409362
30.5518 49.8258 2.72084
47.186 21.0988 2.62168
35.5934 12.5868 0.622598
31.3796 11.622 0.933082
3.16041 38.71 0.746342
17.0435 34.9559 3.10401
33.3651 16.3116 0.943728
37.4145 40.4184 -3.16077
17.2014 34.9699 3.00264
39.0939 25.0996 0.823909
48.9292 20.8029 2.06314
48.4312 19.3586 2.17359
36.8262 12.7558 0.71426
35.7763 17.2429 0.312866
32.124 15.9625 1.01766
33.9195 13.6854 0.624198
35.0438 16.9247 0.535132
31.6144 16.2235 0.504169
13.759 44.0913 0.422236
49.0743 19.3883 2.05033
3.89444 38.8962 0.783779
35.9333 11.5948 0.553271
38.393 26.313 0.607038
30.2968 0.822194 2.85662
33.3494 12.5617 0.917517
31.9502 15.3639 0.664779
12.7409 10.0744 2.52282
35.3133 16.054 0.49962
15.6076 35.768 2.92995
27.3399 43.7424 0.21171
26.0804 40.8857 0.178254
17.1545 35.7666 3.06847
39.8195 25.5858 0.644894
25.6077 32.8668 1.83921
20.9187 37.394 2.4271
4.42033 39.127 1.01021
39.1925 24.1737 0.51573
38.5211 35.6484 0.926084
28.1381 28.2724 1.63287
32.6261 16.095 0.939546
48.56 20.368 2.34811
40.4451 25.6334 0.689432
39.6502 26.2309 0.511994
42.8152 21.3851 0.013382
31.139 16.5496 0.790552
13.6386 43.2904 0.14512
5.02118 39.1582 0.768578
47.8689 21.5052 2.67559
27.0065 40.4425 0.322911
33.714 16.5494 0.80476
34.556 16.6918 0.713827
37.027 14.5727 0.476277
15.5426 36.6585 3.24735
34.4668 17.6998 0.220008
34.8254 47.2321 0.551269
35.143 14.4552 0.910387
46.9521 29.1008 -0.196876
26.0412 32.778 1.88589
34.9386 46.6435 1.16364
32.1877 16.0639 0.794635
24.498 39.6662 -1.71361
37.7745 26.7985 0.576715
48.4926 20.0072 2.18549
40.3812 22.1825 -0.165953
7.22811 30.6769 1.35021
3.38671 40.894 0.628397
34.5077 11.1125 0.571739
16.443 37.6902 -3.26712
33.9636 13.9712 0.672495
30.0167 1.68718 3.02505
47.4104 28.4174 -0.528505
32.7988 14.0046 0.595826
0.190829 30.1108 1.51656
37.5692 11.3614 0.869978
13.7866 38.2253 -2.74366
27.4202 29.3928 1.95366
37.463 25.6545 0.437611
5.03004 32.4127 1.09487
27.4546 28.9153 1.97311
39.2094 25.3595 0.705378
13.8933 17.1092 -1.57525
25.4302 42.8308 0.0668886
28.4617 31.4385 1.61268
29.7701 18.3236 1.32826
34.1241 16.534 0.752013
35.07 13.5744 1.09438
36.4525 12.0466 0.923202
34.3126 14.5047 0.764378
30.0432 27.6634 1.92258
35.5485 16.5467 0.472749
28.0261 28.6953 1.97217
