29.6549 33.6119 2.18737
18.9459 30.1932 -3.04399
35.3988 20.4005 2.12243
11.9454 46.4118 -1.86887
33.8123 33.303 1.9707
2.68494 45.9294 -2.91652
40.2118 27.5616 2.03629
35.8798 29.7077 2.28139
4.98026 48.1958 -2.42037
35.5422 35.3528 1.84761
37.7511 20.5937 2.4433
47.84 44.7403 2.77022
35.302 31.8182 2.21313
34.2926 11.5794 3.00813
37.4445 29.2164 2.35129
13.6904 46.7321 -1.75376
27.1583 5.56657 2.52647
46.7138 43.5989 3.10522
16.3094 46.9866 -1.6134
28.7826 14.2898 1.23376
10.9287 47.3905 -1.70432
12.8798 2.43747 -1.64004
40.6369 20.622 2.25272
11.1627 48.6396 -1.24756
25.1957 48.4221 -2.9226
47.9992 43.1524 3.00386
38.5772 29.5244 2.32166
17.2627 48.2165 -1.87816
38.7799 29.309 2.10054
31.3979 28.3798 1.85629
37.0715 33.8756 2.09744
0.637492 45.021 3.10241
5.06735 43.9719 2.79575
10.5853 0.76096 -1.53164
36.0454 27.9904 2.42753
37.8838 29.1627 1.96346
1.71758 44.435 -3.17895
34.1437 19.4846 2.51803
0.426286 40.5196 2.83498
9.55809 0.281908 -1.28226
32.8722 30.1837 2.11202
49.0107 42.4833 2.65985
11.2474 44.0565 -1.91942
26.4178 4.84769 2.53198
8.1458 0.0907935 -1.59282
14.3069 48.3855 -2.06907
31.411 34.9493 2.24836
6.12529 0.280102 -1.76406
11.1483 46.1524 -1.74285
28.6935 28.4875 2.35283
47.6666 44.3475 3.20769
36.2515 33.8367 2.14363
13.9013 45.9089 -1.48477
38.2239 18.8079 2.20583
43.9396 35.2982 -3.13649
5.03642 49.5342 -1.90193
5.42716 48.3789 -1.96679
31.3107 28.6738 1.97711
13.9656 44.8218 -1.8245
33.5386 28.8501 2.16636
11.9231 0.811132 -1.14634
32.5622 32.885 1.84545
49.9345 44.3969 3.13387
41.6647 36.6523 2.01111
38.9133 30.9456 2.42059
47.8189 43.7032 2.69904
49.8241 48.1485 -3.13227
31.6663 27.5347 2.06507
31.3513 31.8994 2.03211
31.3169 27.6513 1.90919
1.63744 42.6105 2.71481
39.3952 30.4501 2.18411
37.3256 28.3239 2.30986
19.4252 12.0974 0.10846
31.3194 26.4638 2.06678
0.727561 46.6189 -3.12987
27.3132 3.18727 2.43391
6.57538 48.8126 -1.77709
47.0306 44.1947 2.88279
44.5631 45.1003 -3.06539
40.7962 26.6141 1.99495
40.3716 36.1496 2.38294
45.8236 46.1546 3.12248
49.4234 44.2834 2.8116
37.8664 28.1796 2.46408
47.9641 45.5153 2.69829
25.7993 49.3959 -3.32378
31.6144 30.1595 2.00273
36.5766 27.4925 2.26889
39.7672 30.8165 2.37185
16.5449 28.6013 2.74341
11.8588 49.2375 -1.4808
39.1851 30.141 2.21522
36.2908 28.6268 2.36508
3.51027 40.4513 2.95465
38.5227 17.3221 2.39552
15.3761 48.1461 -1.88991
15.0972 0.402887 -1.70859
40.2154 31.5848 2.17163
40.3054 26.3319 2.37978
37.5138 31.9007 2.29743
34.8905 11.1821 2.67965
37.1838 34.1193 2.13487
6.5061 1.95401 -1.64908
1.10069 45.262 -3.17815
35.9134 16.8118 2.27131
0.903119 41.552 3.106
6.15289 43.7284 -3.34011
14.644 43.0973 -1.53909
34.7112 28.6536 1.92927
40.907 33.1213 2.1943
13.2422 49.4324 -1.69032
41.2146 21.1018 2.35513
9.79515 49.9313 -1.17084
1.22197 46.8922 -2.9417
5.83713 48.471 -2.15555
15.9831 26.9924 -3.25683
43.3652 21.3597 2.38822
45.4462 46.618 2.98262
14.3409 46.9386 -1.92071
33.172 32.4929 1.86896
35.9716 31.5002 2.12275
21.7609 40.7905 -1.82151
37.1672 26.8601 1.94206
33.2837 33.675 1.83408
35.0675 30.8886 2.48417
31.8079 34.8086 2.06659
39.0742 36.8147 2.44471
24.3773 1.44489 -3.05654
33.9692 31.7111 2.52416
39.0028 29.2619 2.08237
6.39758 0.671801 -2.06369
10.5841 49.2114 -1.4687
34.3264 35.2225 1.92974
35.0049 31.4451 2.13652
4.43298 42.1461 3.25133
41.7846 27.0775 2.11504
13.2997 47.3406 -1.95054
9.40858 34.6468 -1.89721
8.48313 0.914239 -1.64559
11.3822 48.1242 -1.22761
0.796522 44.496 2.92145
8.77155 37.0821 -2.22361
4.37608 43.7037 3.00517
15.2564 0.523468 -1.38573
24.1834 47.6366 -3.06239
14.5931 47.6141 -1.67632
36.3112 28.739 2.18297
32.0017 36.0817 1.92556
35.017 34.8089 1.75838
36.3714 14.9379 2.38859
12.5105 45.2188 -1.66406
12.3133 45.0067 -1.71213
49.1425 48.2025 -2.99948
15.9917 29.6445 3.09415
44.2067 35.6659 -3.1892
17.0224 39.6572 -2.3111
31.7737 27.1137 2.4706
35.7983 19.0423 2.06729
40.5981 35.2445 2.60707
25.5906 1.72862 -3.25586
11.6894 48.0984 -1.61938
11.2718 44.1186 -2.21084
4.61294 47.6812 -2.37703
33.8466 16.9629 2.26514
31.3079 33.4827 2.05627
4.5835 43.1882 3.18718
19.3717 37.8399 -2.17414
27.7895 48.4326 -2.98166
23.9645 0.62871 -3.3271
26.4204 3.80285 2.27338
2.57792 43.4353 3.28244
31.8369 34.1806 2.25952
2.4676 47.183 -2.93245
42.1177 47.4315 3.16116
12.8533 46.3221 -1.885
48.8091 46.4863 2.59422
34.2757 34.588 1.82088
12.2433 44.8364 -1.72522
13.57 42.9779 -1.85159
31.2594 27.8932 2.12415
15.5465 47.8052 -1.93867
35.7619 22.6593 2.20214
37.1519 24.9623 2.32617
49.1812 41.4929 3.10829
10.7438 49.8895 -1.06551
27.4105 36.384 -0.568109
14.5864 48.8563 -2.08174
35.6578 32.8658 1.60204
2.82567 45.7883 -2.98332
10.4163 0.0702272 -1.47442
39.5672 27.6267 2.33692
33.459 28.6848 1.9762
12.7777 44.6058 -1.6589
21.3321 44.7365 -1.56261
32.9182 28.8753 2.36318
14.7637 45.2376 -1.70755
35.6008 28.3044 2.05731
38.2461 24.5012 1.96415
35.0107 27.353 2.38736
14.8882 0.0113428 -1.85045
42.1568 46.9876 3.15437
30.94 33.705 1.91655
35.1893 20.3326 2.5116
45.2341 35.1397 -3.26614
43.6105 36.1493 -3.08989
13.8889 49.167 -2.05566
10.9899 46.2262 -1.61737
32.2483 27.0473 2.50726
39.5539 30.6277 1.99355
16.3614 45.0155 -1.66381
0.253879 42.5218 3.31915
37.9713 30.4911 2.04691
15.087 0.0872821 -1.64826
47.8393 42.4836 2.83246
36.1428 25.2979 1.98458
26.7825 3.71666 2.59837
24.0076 49.8234 -3.28051
8.13654 35.8807 -1.86064
6.70664 0.385768 -2.03393
2.04682 46.0362 -2.96986
39.5262 10.7265 1.84717
40.8083 34.8937 2.24515
25.7442 0.302215 -2.79753
17.3384 28.1899 3.02741
37.9044 26.7646 2.34386
37.7415 15.8091 2.37242
18.6323 39.3277 -2.24236
39.9349 27.0161 2.43279
31.7612 34.3136 1.7697
29.5494 28.9444 2.37633
10.5453 16.3658 -1.70097
33.8781 29.7535 2.41551
1.35807 45.8679 -3.32
0.256959 45.0797 2.84813
17.114 41.0578 -1.8934
45.604 34.7908 -2.99218
30.8123 25.5747 2.78395
40.7576 31.3765 2.12046
1.53368 45.7384 -3.06995
26.0028 48.5636 -3.09945
0.569993 46.1381 -3.27845
14.9316 48.3833 -1.97245
35.7763 30.3445 2.12731
35.5055 24.9893 2.15281
48.5482 43.8707 3.04402
22.7287 22.9797 -1.4855
37.4861 25.1408 2.12736
45.5817 44.9873 -3.19651
32.2369 28.954 1.91836
17.0889 49.3466 -1.71554
31.653 31.4744 2.32923
30.8218 28.3497 1.96975
2.15033 48.2396 -2.48487
37.9443 16.9112 2.26399
35.3036 28.1062 2.00659
2.44435 39.4693 2.70035
34.4685 28.5498 2.2018
25.7848 3.70506 2.41243
22.0225 43.5708 -1.48904
37.7935 33.0428 2.37709
18.1009 41.8865 -2.17996
41.5066 25.8985 2.06298
40.2764 35.3017 2.63927
39.3856 26.7527 2.08509
37.105 21.407 2.03651
34.2464 24.6623 1.87879
1.73568 41.4937 3.01254
36.8245 25.1154 2.32871
36.3574 24.8714 2.38041
22.768 22.4338 -1.48791
41.0014 23.0517 2.29589
36.907 32.9933 1.82257
33.1353 28.09 2.39944
39.4673 28.366 2.3793
46.8528 42.1481 3.02014
38.338 29.8067 2.15619
36.7503 27.7927 1.9488
5.53658 49.8609 -1.95587
35.5897 36.1483 2.02104
2.51336 40.767 3.15461
49.74 46.4282 2.95121
49.3974 42.0607 3.02474
0.637266 44.152 3.04352
36.86 22.124 1.81368
10.7876 48.7898 -1.70716
11.3289 1.59487 -1.43678
11.7702 45.5553 -1.61654
2.59542 40.8535 2.90387
15.0752 29.2502 2.92741
38.6421 17.831 2.37849
36.4094 34.3991 1.99723
18.1128 29.5272 3.26418
35.3465 36.0347 1.77235
16.3364 41.2003 -1.96697
37.812 27.1172 2.2139
37.6776 23.5098 1.85584
48.5691 38.7979 2.65479
35.5357 31.2038 2.48578
39.6581 36.5466 2.29007
36.1444 36.3458 1.87386
35.5843 33.5729 1.93748
30.9732 32.4882 2.51121
48.459 44.6939 3.24921
10.4945 0.132052 -1.48719
34.7499 30.3227 2.16934
14.4407 45.2317 -1.87812
5.44961 42.2108 3.2584
36.8434 32.8685 2.04447
35.3357 19.4132 2.27777
5.14754 24.2143 -0.304369
37.922 28.109 2.00152
5.92178 42.2541 3.24132
31.7671 32.9946 2.06007
41.5577 35.2488 2.2433
36.2123 29.5623 2.25608
35.5692 19.4312 2.48308
49.5764 44.9885 3.15086
47.7042 41.3383 2.94276
33.5401 37.4121 2.25481
31.0138 32.9684 1.8132
36.8826 27.9449 2.30173
38.76 23.674 2.46815
26.5415 4.12767 2.74367
10.4607 0.36245 -1.55506
37.8137 23.9295 1.91145
36.3609 31.2249 2.0968
3.12681 45.4373 -3.03535
41.0683 26.3846 2.03257
35.0319 14.4302 2.50015
4.96202 43.6391 3.2536
15.4644 45.9983 -1.73509
3.86855 42.3992 2.90951
42.9918 44.7535 3.38402
35.4775 33.208 2.07066
38.1275 31.6846 2.19234
34.5069 29.5942 2.42718
39.5037 36.4934 2.5134
36.1141 16.4469 2.21483
36.6867 32.1171 2.13758
34.2756 24.4767 2.27606
41.307 34.6981 2.50179
14.2018 22.8688 2.96661
15.9061 27.3673 -2.98725
23.6051 47.9223 -3.01683
34.4984 24.5238 2.1221
49.9708 45.0568 3.17827
48.4177 45.5222 2.91411
44.9178 35.3098 -2.88199
42.9149 46.7728 3.1648
26.5398 4.07471 2.25409
11.1875 17.6633 -1.94932
16.4413 49.5886 -1.64437
46.9105 44.654 3.21081
4.64991 47.5903 -2.19036
1.02794 45.0022 -3.02911
1.07989 47.7944 -3.17178
19.5377 30.6049 -2.2443
38.6035 31.4217 1.92238
28.8478 48.8713 -2.86292
31.9273 36.4556 2.13342
17.9234 30.7458 -3.32078
36.422 31.5469 2.34423
36.041 33.3688 1.87172
8.59055 49.9439 -1.57433
5.65545 0.538213 -1.98251
48.4535 45.6297 2.7253
37.3606 24.7846 2.2247
39.5086 32.1823 2.04892
15.3511 1.06129 -1.3467
18.0722 49.6795 -1.76261
36.0629 18.407 2.25699
15.7758 0.179935 -1.85842
18.9246 41.6861 -2.33289
24.4108 2.81795 -3.25562
43.5547 36.2499 -3.08138
36.4784 27.091 2.182
21.5723 42.4807 -1.17111
32.7669 29.0135 2.24717
39.4617 27.243 2.0857
0.391622 48.2425 -3.09078
31.4163 41.9979 -0.745267
16.0522 0.686956 -1.28828
47.6953 45.3754 3.05275
31.7225 29.0474 1.82402
12.4917 45.5718 -1.80769
14.4021 44.501 -1.50538
3.45738 47.2012 -2.81192
38.0868 19.9368 2.51382
36.5254 30.9431 2.21234
36.1102 32.6046 2.10456
37.5191 19.4445 2.22736
31.1003 32.6611 2.07475
23.6342 42.0484 -1.83442
41.0493 31.8612 1.97357
15.6666 28.362 3.05242
11.8824 44.1007 -1.7287
37.1809 15.8873 2.25717
39.4977 32.6251 2.12238
40.6381 29.1087 2.30515
39.1355 16.6777 2.38495
34.5273 36.1136 2.10869
35.3752 11.008 2.84683
40.9277 35.2537 2.64159
24.9421 1.37776 -2.87497
2.54112 41.8256 2.8549
36.1584 23.6654 1.95831
32.9717 34.6948 1.84254
49.6936 41.9528 2.84034
26.5575 48.1371 -3.3095
36.7451 30.7255 2.00813
24.5878 25.8184 -2.20754
21.0032 40.9771 -1.93476
11.9507 48.5421 -1.69195
17.5363 40.0463 -2.29615
15.7164 44.1476 -2.00559
1.34212 42.3554 3.0427
39.634 28.9281 1.94768
38.2604 23.7834 1.92163
38.2344 29.723 2.38624
41.5929 35.6974 2.33071
36.8667 29.9482 2.22783
34.019 35.6098 1.80646
13.2829 30.4884 -1.92449
27.6664 3.43645 2.55252
40.9898 34.257 2.51972
35.6873 27.6736 2.00723
13.1358 45.5377 -1.41889
41.1569 27.4024 2.07142
47.7116 45.7644 2.66971
36.6825 29.3375 2.31666
46.895 45.5894 3.12098
11.1214 2.0194 -1.18383
13.7478 0.978256 -1.51858
19.5428 29.5969 -2.89645
11.4904 43.3352 -1.96793
38.6514 28.5666 2.21416
39.6567 27.9094 2.21899
37.2487 18.9813 2.25202
30.8654 26.215 2.24675
34.1735 29.2463 1.85023
49.4327 44.2801 3.00692
46.9441 44.2617 2.72186
45.3882 44.7773 -3.29754
1.9527 46.5278 -2.89945
39.3946 20.2726 2.71768
7.31323 1.68447 -2.02305
22.9693 21.5525 -1.64159
0.420836 45.7136 3.353
35.4348 24.3142 2.39594
43.4869 20.7608 2.06314
14.5819 45.5285 -1.48798
6.37254 43.5609 -3.2804
22.5819 47.1995 -3.22526
34.4154 18.6633 2.12511
1.36393 46.6397 -3.01726
10.0085 48.2729 -1.53779
11.4426 47.8673 -1.75201
10.7462 48.4206 -1.66401
16.3862 44.7683 -1.64939
0.672317 42.0767 3.33211
15.7735 47.825 -1.73108
25.4933 0.186203 -2.76789
36.6527 32.2422 2.18145
47.0982 43.1256 3.0552
25.0838 48.7345 -3.13193
32.5497 27.5754 2.21706
5.78752 48.7605 -1.79103
0.0809839 44.3164 3.02021
34.7661 35.0682 2.10931
37.1114 28.1971 2.35244
39.9294 35.6672 2.47234
34.7574 24.0554 2.32607
30.6152 33.4512 1.88584
9.02231 49.5386 -1.41456
30.8343 25.4169 2.78041
16.3451 0.55803 -1.72598
17.0124 41.0299 -1.8249
18.8248 38.8996 -1.92046
38.5143 32.3555 2.24248
37.6211 32.7572 2.22626
33.6887 24.971 2.52996
16.6895 48.5517 -1.83454
28.1728 14.6567 1.24188
15.8818 43.4209 -1.92512
35.9279 19.6909 2.2878
49.3323 46.4144 3.09682
17.2491 44.5124 -1.84578
16.5446 47.0649 -1.5475
15.9038 26.9544 -3.18901
38.155 18.3868 2.49533
41.9718 35.1507 2.35997
10.6455 0.163051 -1.43253
16.1224 28.5981 3.06082
34.2248 30.0916 2.10329
36.3137 27.5895 2.08027
38.1251 34.3105 2.03779
18.4165 29.8267 -3.10338
5.00687 48.3569 -1.91192
16.2392 45.5508 -1.53837
34.0046 34.3262 1.75874
15.909 46.6553 -1.5536
42.2235 37.278 2.28895
14.1187 44.8638 -1.75119
2.77096 44.9482 -2.98649
40.3883 33.2361 2.10335
23.2797 46.9936 -3.05831
33.6861 34.0972 1.70517
16.3511 46.1413 -1.70316
16.1912 48.8959 -1.46998
36.8741 18.894 2.38676
40.1435 33.4791 1.97697
15.4264 45.7219 -1.69077
36.9477 26.1966 2.41074
37.2907 25.6076 2.01042
35.422 18.9298 2.37491
41.1057 33.3136 2.59883
32.2987 27.5275 1.93992
18.0319 29.2963 3.29118
35.347 33.0984 1.79157
48.6185 43.3749 3.00789
13.4097 47.6142 -1.90089
15.3011 48.7101 -1.78612
4.04235 39.296 2.83708
16.1906 48.3404 -1.96333
48.6817 41.5118 3.24329
13.7395 47.2766 -1.58536
32.2378 27.0647 2.36262
37.8755 29.0255 2.2288
32.3459 28.1659 2.49425
21.4891 42.6456 -1.75295
39.6474 23.2874 2.16011
31.8807 35.6436 2.26973
15.8707 45.6375 -1.92358
2.00689 48.0609 -2.74759
32.0942 29.4124 2.31481
18.1368 48.4074 -1.68546
11.4764 49.1586 -1.58291
0.740029 44.5583 2.83885
39.5577 9.78299 1.66715
10.0124 0.617931 -1.11081
40.2865 30.248 1.94778
49.9553 44.1151 3.00914
27.9121 48.9498 -3.01847
28.2675 38.8397 -0.71163
16.2786 29.459 2.97068
0.620509 40.6223 2.8485
14.3255 0.217073 -1.54233
28.121 3.5858 2.54317
0.928681 43.3437 2.80089
32.9808 26.2881 2.28751
14.8943 47.3484 -1.97364
10.4176 1.63477 -1.52476
37.2034 25.531 1.99708
36.1335 28.0882 2.43289
2.11405 45.3534 -3.01691
17.7875 49.4148 -1.52885
41.8296 27.9784 2.15809
17.5585 29.579 2.90105
12.8648 46.5804 -1.79526
13.0074 46.8789 -1.66154
20.9267 43.105 -1.5017
26.0145 49.0064 -2.79323
49.5977 47.716 -3.16496
14.6218 46.2442 -1.5864
14.313 42.3231 -2.05735
38.0182 16.4687 2.51672
34.0283 35.1334 1.96712
39.4575 32.4076 2.22256
28.1119 38.1 -0.965513
11.6833 44.7773 -1.62031
5.37658 43.4776 3.08266
21.4429 43.2721 -1.16371
49.3773 42.5609 2.95019
6.39495 0.697277 -1.99713
23.2475 21.8369 -1.49733
47.6603 41.6223 3.19103
15.1577 43.7701 -1.51764
30.4322 26.23 2.40434
29.1482 29.928 1.46077
16.9531 49.0048 -1.87294
15.8772 45.8286 -1.88313
37.3687 28.3511 2.33014
17.2532 0.447865 -1.56777
36.0493 28.6097 2.2126
37.5182 22.3427 2.04905
35.9707 33.1583 1.99972
35.4696 28.8757 2.32596
14.3871 47.5033 -2.00606
17.4707 48.1662 -1.53931
37.6065 28.8 2.25646
35.1572 32.0672 2.31781
34.538 18.718 2.43269
49.6418 45.9446 2.759
3.53051 39.6598 2.71034
0.986795 42.1185 3.32733
18.5473 41.0512 -2.37688
37.1626 14.7976 2.13976
33.3437 29.5642 1.90387
0.0312938 44.0885 3.16458
32.423 27.3658 2.49202
15.6542 0.856405 -1.38471
37.7215 19.3008 2.53346
39.2459 38.5799 2.30164
18.4393 39.0339 -2.36761
16.4521 29.4107 3.09088
12.628 0.104962 -1.2417
0.776181 42.7443 2.74508
38.9214 22.8173 2.13251
35.1307 33.9144 1.6291
38.9879 29.9187 2.28268
0.131819 44.0566 2.76001
36.1887 32.81 2.02919
34.0627 27.2537 2.30144
32.815 28.8173 2.3614
18.8078 40.1823 -2.18777
0.707679 43.7527 2.77913
20.2881 40.1977 -2.45952
4.8577 41.453 3.1238
40.025 31.6609 2.39905
16.8957 48.6737 -1.94836
10.3685 46.6831 -1.52946
11.2051 45.8741 -1.48077
19.0661 41.056 -2.10488
32.3597 30.0728 2.04666
38.002 24.5317 2.16402
40.9365 35.2677 2.36632
3.21216 47.6047 -2.79403
34.7256 29.1302 2.06158
38.7348 27.2765 2.35423
36.368 15.8603 1.93705
30.6016 33.849 1.97552
49.0487 45.2393 3.07055
7.46465 0.850521 -1.48126
37.3101 15.4107 1.96253
23.2879 43.7362 -1.59728
3.75703 43.3648 3.12145
35.0995 17.8401 1.97077
16.4526 0.670134 -1.65306
20.6304 42.3956 -1.61025
2.61999 41.8255 3.17008
35.2224 30.6438 2.55589
6.64489 1.53224 -1.64864
10.2263 0.898142 -1.01262
37.6019 19.5782 2.10993
37.8972 34.9382 1.88279
10.2256 0.542299 -1.41264
33.6854 28.1369 2.02694
18.3805 43.0589 -1.89274
17.343 39.3026 -1.99068
35.2491 23.2913 1.94217
3.2194 42.1756 2.77277
21.7424 44.3457 -1.50206
26.9318 48.0855 3.07219
12.1711 44.3293 -2.05468
33.6274 28.9797 2.3056
33.7681 31.0532 2.66748
39.8964 26.9134 2.1387
12.9033 45.5506 -1.97879
25.8701 49.6114 -2.92508
28.2381 48.352 -2.75696
40.1961 26.2485 2.17124
37.9466 30.3583 2.22203
4.28306 40.2461 2.64011
18.3426 1.20474 -1.21588
14.4809 46.2336 -1.76878
4.11937 40.7251 3.04855
13.6257 44.067 -1.98496
22.9773 47.8471 -2.90752
31.7525 35.9591 2.03145
16.8448 45.3428 -1.64561
3.25679 46.3436 -2.94543
3.46212 47.2336 -2.73976
35.5788 34.3856 2.08021
49.393 47.3205 -3.38212
1.83042 45.1645 -3.07952
38.491 27.1056 2.41906
0.268943 44.6665 2.97314
0.84456 45.3185 -3.41063
35.9737 30.1577 2.16201
34.1663 25.1208 2.38013
3.85066 48.1632 -2.30465
47.4137 43.7558 3.10637
38.325 26.5001 1.85274
43.6295 45.3718 -3.00692
37.4591 18.5745 2.10184
2.09956 41.9034 3.23357
49.7527 44.9369 2.69392
17.3893 28.8704 2.86544
9.27354 1.33675 -1.19516
26.7161 47.4941 3.01847
33.1147 36.2485 1.7152
6.6794 49.6442 -1.83268
36.3354 30.899 1.94955
2.41693 46.195 -2.59779
32.2767 26.8041 2.14651
11.9215 46.4901 -1.78869
20.1753 43.7774 -1.09354
31.2856 35.117 2.01061
2.03588 47.0029 -2.80537
10.9942 16.9417 -1.50582
1.40859 42.3955 2.82227
49.1388 45.1539 2.92008
33.2074 26.9866 2.10056
48.2069 41.9736 2.69492
25.627 0.736055 -2.90472
33.493 33.4631 1.76617
10.2497 1.20592 -1.08831
39.5705 29.7603 2.30822
36.4746 30.4891 2.28763
1.48588 45.9948 -2.99172
14.568 46.2913 -2.05737
35.7954 32.8024 2.09315
36.4188 28.9181 1.991
25.3577 24.5831 -2.2536
15.2792 44.2521 -2.0317
14.6178 46.2456 -1.74912
31.5863 28.5708 1.85637
38.2777 29.588 2.3755
35.8201 32.8112 1.9901
33.1303 27.8126 2.17271
13.3617 1.55204 -1.71481
46.8921 44.7164 3.09828
41.906 10.2881 -0.791775
36.2569 18.1412 2.50941
9.47182 0.429797 -1.54898
40.3634 35.184 2.20622
15.3257 47.6627 -1.53573
9.52066 49.6396 -1.21019
17.0884 47.594 -2.02045
13.3735 48.4093 -1.93765
7.85122 1.99616 -1.64975
31.7887 26.8852 2.19031
48.4657 43.6643 2.79224
1.71681 43.1603 3.27231
16.1954 47.8427 -1.87063
30.4033 34.6887 2.05152
37.7607 18.4722 2.32717
38.1228 32.9241 1.91406
11.0679 47.2422 -1.69943
33.7859 34.9611 1.77961
37.1768 15.814 2.04483
34.5708 9.9004 2.65573
35.6551 28.9235 2.2544
31.6523 31.4573 2.10388
16.9505 29.8582 2.85789
3.54301 43.2152 2.78403
36.5134 22.7986 2.23739
33.0878 27.2616 2.0958
32.9721 27.8533 2.50018
10.6687 0.978365 -1.57784
33.9856 25.8507 2.25725
15.9336 0.727126 -1.3998
34.9122 30.2329 2.27335
36.2451 28.0676 2.18343
13.7014 0.962062 -1.65835
31.3802 31.4905 2.05219
38.2209 25.6527 2.44198
14.8789 46.3216 -1.96023
24.5588 48.5361 -3.27136
47.9878 45.9372 2.61693
35.3607 29.5397 2.35595
34.4829 33.7787 1.82605
26.3852 4.90872 2.8393
39.414 22.4863 2.6294
8.62088 0.211174 -1.78266
37.5426 26.5119 1.95628
32.5859 26.9217 2.08305
49.116 41.6837 3.26456
32.972 32.4828 2.26052
39.6864 30.4499 2.07387
36.2313 36.3974 2.24507
40.6601 31.4091 2.47288
6.30113 1.1644 -1.69355
14.7301 44.7239 -1.84292
34.7665 28.8063 2.12896
24.686 44.1089 1.25191
28.5519 48.2385 -3.01261
4.71562 42.1199 2.78912
14.8487 0.207435 -1.3874
5.16574 42.829 3.26746
20.5057 43.1569 -1.54693
34.2284 32.6287 1.86497
48.2632 44.2407 3.23503
36.926 14.4615 2.24067
17.0096 27.7785 2.94997
35.5806 35.2936 2.08126
18.5213 41.4667 -2.22033
36.3975 18.2374 2.27518
14.3572 45.484 -1.68776
30.6449 27.0025 2.46423
17.3194 30.755 -2.77107
0.149639 42.1708 3.25099
40.183 32.7822 2.3511
15.5116 44.2134 -1.80263
37.1584 28.0211 2.02229
36.9654 26.9952 2.26483
18.144 30.241 -2.91159
15.1607 43.4277 -1.86742
35.9358 29.7596 2.09221
36.7545 17.8953 2.43846
32.6514 33.8 2.234
34.8605 14.6779 2.41828
8.05374 36.8395 -2.02188
13.8403 42.6124 -2.05017
1.86674 39.7922 2.50766
39.6908 9.1671 1.50545
39.0113 25.9897 2.35768
33.8809 29.5352 2.08757
17.9073 0.438486 -1.64763
2.04598 40.3159 2.93597
18.1287 49.913 -1.98285
37.7514 30.3992 2.00295
14.8137 46.7317 -1.58707
27.7641 20.2823 0.711402
35.143 18.5729 2.60633
31.3547 31.2009 2.11945
3.26634 40.4071 2.92079
35.0535 11.0414 3.03524
18.8978 39.3767 -2.04491
23.1477 43.0703 -1.22398
26.0746 4.03892 2.55115
31.9177 27.2489 2.03789
36.4111 32.1843 2.09868
32.895 29.3747 2.40973
11.0982 0.906944 -1.24977
28.5595 15.5612 0.946083
24.0603 21.9242 -1.86625
25.7707 48.3727 -3.33278
11.0229 46.2025 -1.54111
17.8489 28.6212 3.21036
26.9242 48.9296 -2.86898
25.9161 48.368 2.89993
33.8587 27.1696 1.92382
36.5819 31.3549 2.00667
42.6992 20.1615 2.10561
49.0625 46.2749 2.63297
36.2755 27.6435 1.89584
35.1517 31.3033 2.4752
38.6313 27.6494 2.46288
31.1447 29.17 1.86414
47.8873 44.5638 2.74476
17.2969 49.9938 -1.65536
36.4648 28.1033 2.03172
38.5385 30.8698 2.39779
49.7492 47.3985 -2.98802
29.719 30.7368 1.82958
41.9022 22.2403 2.05279
36.1128 15.9333 2.3608
38.6669 23.7784 2.31828
11.1122 46.8375 -1.53034
24.6047 47.4732 -2.9017
14.803 49.8156 -1.95971
34.9394 33.924 1.53472
11.6837 45.8121 -1.54268
39.7151 28.7052 1.99391
48.7013 44.5538 3.05674
48.933 44.0987 3.20969
26.5963 47.7721 2.94511
35.2614 13.7444 1.91514
30.697 31.146 1.96655
4.49718 43.8508 3.22938
25.7823 49.3138 -3.25684
35.5653 30.5818 2.48477
17.8698 29.6731 -3.04167
36.2377 16.3981 2.07068
49.386 43.6053 2.72698
47.4015 44.9809 2.68561
32.4407 32.5132 2.20825
27.9979 38.4871 -1.09811
11.1691 48.1675 -1.34694
37.1057 16.5319 2.17394
33.7577 25.3777 2.3838
18.4161 39.937 -2.03676
24.7394 1.07294 -2.83467
0.593436 43.0157 3.08013
38.7613 27.939 2.21943
34.7769 36.2463 1.95026
46.6131 42.5376 2.70562
0.0729558 43.9383 2.75604
39.5535 32.9272 2.29381
26.4317 5.16216 2.60384
13.233 45.7612 -1.54973
6.89086 0.545306 -1.65473
14.5504 28.759 2.51864
31.2333 35.2935 2.13778
37.6004 18.8539 2.60159
46.2715 46.7564 2.48281
18.5227 49.5771 -2.0288
13.3338 44.2564 -1.49739
32.8947 27.2723 2.47444
14.6809 47.477 -1.49585
15.8838 44.2571 -1.6526
31.8606 32.3063 2.40399
24.036 47.7711 -3.3332
32.5841 28.2656 2.31256
27.4145 38.5204 -0.67449
12.4569 49.2559 -1.19002
29.0605 30.7954 2.03565
39.1018 31.0857 2.19206
18.7072 38.4496 -2.0277
11.5292 47.4424 -1.7867
38.5612 34.7255 2.21191
7.14669 0.845725 -1.87042
40.1699 30.3627 2.16517
34.396 24.084 2.03985
12.7029 45.4607 -1.79007
32.9813 25.2991 2.57095
35.8493 22.0078 2.26482
38.2457 32.6029 1.90675
1.93879 45.2783 -2.9229
14.6432 44.653 -1.95028
12.4854 46.8167 -1.98145
36.8218 18.1038 2.33445
14.1252 1.86481 -1.83127
36.768 31.7777 2.11305
23.2551 42.9185 -1.66683
40.8933 34.6889 2.15501
33.2758 34.1431 2.18259
21.3511 44.6763 -1.48214
3.12403 40.7441 3.14229
12.2989 46.9588 -1.96835
22.3808 42.3999 -1.25137
13.6034 46.6221 -1.52737
13.0284 46.3567 -1.6498
38.6238 19.7457 2.34475
12.8881 44.3814 -1.48632
26.6328 4.0437 2.53064
0.711781 43.52 3.08078
40.0256 26.6646 2.07161
36.0963 27.0788 1.88538
2.76704 39.3577 2.95694
32.8376 34.3501 2.05666
32.3972 35.9695 2.04808
38.0994 31.1951 1.94351
35.3313 30.3083 2.37328
35.6848 18.8846 2.35241
39.2583 38.1789 2.06503
31.6865 28.7018 1.96974
32.6811 28.6413 2.03718
36.4492 16.1025 2.02412
39.9419 28.9805 1.87798
36.0363 11.5022 2.76087
33.6601 28.9536 2.21789
41.6245 20.3829 2.29572
2.22442 47.0831 -2.78475
30.1219 28.9049 2.14245
5.03739 49.9501 -1.46237
46.3751 42.979 2.83031
35.2729 26.6435 1.84928
23.3498 43.9791 -1.21772
33.2869 35.4976 2.00001
40.4195 20.5591 2.48372
37.0218 25.1191 2.25147
48.2171 44.3741 2.81345
15.0021 45.6257 -1.53234
24.8249 49.8409 -3.12514
49.3325 44.1555 2.94126
11.8232 17.8635 -1.90695
0.437854 48.263 -3.09182
23.946 47.6896 -3.16556
32.5176 30.1609 2.39881
23.0817 23.4318 -1.81412
0.408924 47.0796 -2.88985
39.4089 32.2929 2.34683
14.8424 49.0632 -1.71579
1.79404 45.9472 -3.2345
39.6164 11.162 1.73478
18.1201 42.1565 -1.93302
38.4349 31.4999 2.29028
8.8198 35.6816 -1.71329
48.3217 45.2411 2.63445
13.6294 47.8172 -2.00958
2.02249 47.7051 -2.50647
36.1489 31.707 2.40491
15.0501 48.7653 -1.69961
37.7101 20.1092 2.68358
38.537 31.6896 2.26223
0.539078 42.4166 3.01177
49.1892 48.0234 -3.14189
29.4067 28.1849 2.41063
3.79004 43.0216 2.95409
41.3814 26.6992 2.05984
39.0408 37.8059 2.45067
38.3097 27.5426 2.34493
37.7477 29.963 2.00132
37.6337 32.8104 2.14205
36.5057 19.5389 2.11286
14.2401 22.4334 3.01829
36.3703 14.8679 1.96939
37.25 26.0265 1.87602
3.57928 41.0452 3.0903
47.0721 44.9468 3.05564
27.8426 37.1212 -0.419631
39.2031 32.3171 2.37556
38.5135 20.1901 2.39378
3.51702 43.9391 2.78991
6.10612 44.9474 -3.00923
31.8791 35.3741 1.80624
35.3363 29.5933 2.38626
40.579 29.3034 2.30792
32.8146 32.9287 1.94224
19.6326 38.4661 -2.05707
15.136 47.57 -1.83977
11.6278 46.163 -1.76559
31.6194 34.3225 1.98344
26.6901 48.3728 -3.20707
26.165 1.28156 -2.85368
12.0327 48.2369 -1.4025
29.468 28.8403 2.47147
13.2346 47.2723 -2.02299
36.1074 10.784 3.04776
15.3758 48.6501 -1.75953
49.9351 43.7736 2.92304
41.3421 22.7058 2.30361
39.4631 23.1107 2.42627
39.202 10.5196 1.72339
6.1503 43.7394 -2.94237
14.8606 48.3237 -1.99502
39.4565 28.2202 2.17215
17.1874 29.5317 3.17524
47.3798 41.9019 2.8562
41.0835 26.5934 2.18906
6.50462 42.2923 3.04417
6.72727 49.9548 -2.01151
47.7165 46.0421 2.50995
29.9735 26.9759 2.37047
41.2943 34.7624 2.71232
25.7153 0.191045 -2.84826
16.4224 27.1572 -3.21378
1.7539 42.0327 2.92508
24.5511 48.58 3.01197
38.0088 27.3947 1.9978
30.9696 30.9735 2.51772
40.5534 34.9492 2.58014
13.4801 0.0378581 -1.87961
21.0078 41.4682 -1.60753
34.1758 35.8256 2.23767
14.6917 42.1158 -1.85756
10.0214 1.23318 -1.27457
5.06706 43.5088 3.03777
0.922712 41.6712 3.15249
46.0828 45.6253 2.70184
42.1145 9.45837 -0.752982
39.5038 27.519 2.18059
37.5679 17.7164 2.21407
3.54445 48.1374 -2.56959
0.794983 45.8997 -3.02331
24.9181 23.822 -2.15771
19.8916 40.3486 -2.31549
10.6051 0.360581 -1.49526
13.579 45.9556 -1.68353
39.1778 27.163 2.35654
34.2843 28.4525 2.11468
41.3303 33.3276 2.62057
31.0981 33.958 1.80889
31.6244 26.9885 2.02812
11.6029 45.0901 -1.81556
15.0081 45.4431 -1.7731
12.2564 0.665105 -1.64132
34.4564 34.4891 1.81325
29.3049 33.1042 1.78464
49.3521 45.6365 3.10505
11.7723 48.8506 -1.5082
38.0267 22.5055 2.11868
32.9439 34.0231 1.87349
44.5036 35.2481 -2.83013
0.656771 41.8336 3.23122
21.7073 42.8529 -1.16483
35.1387 10.2819 2.56377
14.2639 44.9073 -1.46154
41.407 35.4958 2.14373
49.7291 41.6984 3.0919
40.8906 30.231 2.19059
33.3199 34.5855 2.08416
28.9127 33.9069 1.84123
2.72072 8.42696 1.6922
32.1119 26.6423 2.05767
4.74661 47.433 -1.91457
13.1227 0.375659 -1.40179
15.7169 44.4059 -2.12917
2.60166 47.879 -2.49608
40.0084 22.8548 2.58881
48.9609 48.4289 3.27046
4.89976 48.2081 -2.39091
34.7055 19.1609 2.43199
34.9653 18.5765 2.12568
36.5774 29.3283 2.15099
4.95607 44.0176 3.08153
25.0663 49.7477 -3.25542
28.563 39.3711 -0.842378
11.3636 49.4573 -1.69485
49.8186 42.5808 2.88
34.5877 16.3315 2.44797
34.3216 28.5668 2.30564
0.152507 47.64 -2.85238
13.9832 0.217291 -1.80382
10.3288 1.3063 -1.27501
41.4012 35.238 2.50192
49.2884 47.3327 3.19341
11.34 1.63623 -1.11247
33.6621 23.6363 2.02682
34.1243 30.2757 2.34477
1.02231 43.5244 2.91179
47.5563 42.4543 2.68424
1.83171 42.4107 2.74448
36.5997 22.83 1.90498
31.1109 30.5712 2.33835
44.2096 34.7748 -2.97459
17.0083 29.8967 3.12972
32.9398 34.2082 1.84019
5.9591 49.0691 -2.02207
35.1639 23.6319 2.33952
11.8793 49.9994 -1.66321
40.1661 37.1106 2.40336
37.1833 17.62 2.12454
34.8351 33.3898 1.7476
37.9634 18.0323 2.33432
2.13426 40.6972 3.11639
40.2761 23.5594 2.64086
37.3969 30.4863 2.13692
14.0511 1.11392 -1.4489
10.6706 46.6691 -1.54084
13.9249 0.739275 -1.96111
4.09759 42.6868 2.8148
29.2017 27.873 2.25458
40.8223 37.0486 2.20991
0.500525 44.6498 3.23574
35.7032 32.5914 1.81923
35.7702 24.2716 1.98636
46.7973 45.4491 2.66965
30.9792 28.6545 1.97261
4.58469 46.5796 -2.13204
8.74571 49.6375 -1.57307
35.3609 25.4769 2.3448
34.2314 27.7829 2.39905
38.6542 34.754 2.28274
37.878 24.366 2.28528
38.6635 26.2039 1.86454
38.7106 29.0041 2.4145
35.1067 19.6533 2.30949
38.5631 23.1115 2.08211
38.1863 21.2868 2.36273
41.0642 26.0592 2.11105
37.0913 29.7265 2.10365
37.7306 18.6634 2.48423
2.03094 46.7798 -3.09388
30.9896 24.6795 2.41985
32.1294 27.9723 2.25141
10.1598 0.880506 -1.59591
22.2066 43.4036 -1.42994
30.5814 25.0342 2.39995
39.7221 26.1939 2.16275
11.0756 0.969506 -1.223
6.86417 1.28992 -1.49764
6.47269 2.13097 -1.58551
41.6183 36.0018 2.11948
36.5462 34.5656 1.87403
38.0785 29.5187 1.86023
15.1625 47.9054 -1.71809
16.6229 27.5807 3.2711
35.6322 27.8949 2.02738
48.4755 47.9067 -2.88321
48.2928 42.1222 2.78292
16.0646 42.4524 -1.64371
31.6015 24.0273 2.96504
4.88199 42.2985 2.73017
1.84333 44.8597 -2.9093
13.8348 0.285524 -1.84378
34.6686 32.3696 2.12329
6.56617 49.2479 -2.02379
11.4877 45.2611 -1.65139
14.9748 41.1335 -1.61932
37.116 23.2961 1.84185
18.2847 39.6803 -2.27887
37.6489 27.5627 2.49628
13.9341 47.2321 -1.54192
31.1746 31.3851 2.34902
34.4828 19.4769 2.35167
8.14266 0.577383 -1.65711
41.5703 36.6754 2.20592
49.9305 44.1886 3.24492
32.4274 33.5137 2.25494
19.4052 39.8333 -2.23739
36.8535 18.4698 2.32338
6.29249 49.8923 -1.7069
25.5146 0.760965 -2.89201
35.6185 17.1135 2.19259
23.757 47.8043 -2.85958
38.0019 32.3266 2.27435
20.5158 38.0402 -1.85109
16.4218 48.3629 -1.94735
34.5753 30.347 2.20744
34.5546 22.6737 1.86973
32.3561 31.2778 2.43222
25.5601 47.7585 -2.80588
21.0049 44.954 -1.48284
34.8412 31.1708 2.13864
49.5828 44.649 2.75532
36.1286 25.7087 2.28711
35.7622 19.9647 2.23297
20.2744 31.7279 -1.81676
36.1687 19.7643 2.11317
39.9643 23.1265 2.23047
38.1922 19.1838 2.14766
41.007 22.2288 2.41404
0.121936 46.1802 2.94261
28.2968 14.3774 1.27858
11.1464 45.0138 -1.69156
38.5614 29.5575 1.82546
12.8097 45.1802 -1.8465
37.0918 29.7011 1.9407
36.8273 28.5642 1.99876
15.0209 42.3214 -1.52089
44.2451 36.6927 -3.20228
15.9611 0.0451673 -1.56988
49.9426 48.1055 -3.16485
38.0054 23.6717 2.00613
35.4917 27.1137 1.96267
30.2499 33.3249 1.74449
40.3958 29.0944 1.97086
35.4882 31.4172 2.33861
40.2937 25.55 2.02031
41.3185 21.0464 2.29034
1.67883 40.7421 2.81393
34.0764 17.9239 2.26828
12.7978 47.3019 -1.82323
35.3659 31.2741 1.99319
27.0742 3.06234 2.52946
24.789 0.33934 -3.05685
5.60097 44.4779 -3.2947
48.5485 44.0688 2.96737
32.4926 27.5215 2.14474
0.395007 44.7506 2.91315
0.386744 44.1865 3.16298
3.07296 41.256 3.0937
34.602 28.2273 2.28672
40.0663 35.6918 2.21551
32.8024 28.5647 2.427
28.6293 14.6105 0.789617
29.7365 26.0919 2.65485
16.7055 47.2666 -1.59911
25.1485 48.8584 -2.93789
32.6139 27.2489 2.25309
49.5333 40.1282 3.05157
15.8037 29.4389 2.94527
25.244 1.28443 -3.01374
40.9034 34.0662 2.57142
40.0992 34.2221 2.25684
35.4595 29.1892 2.17536
17.7791 41.7195 -2.35465
13.6923 0.485025 -1.94316
22.8773 22.4941 -1.95801
11.2034 36.0844 -2.52249
40.108 26.732 2.44995
36.543 32.6153 1.68302
16.777 29.4019 3.04475
12.5015 48.538 -1.70885
39.154 9.93536 1.86889
0.374564 46.0695 -3.3995
35.7222 27.0095 2.32138
38.0781 28.8995 1.89843
33.583 26.8809 2.08199
18.6361 41.2806 -2.01489
31.249 27.5885 2.41507
34.4567 16.2576 2.43617
27.2398 48.5087 -3.31241
0.0996616 42.5009 2.76835
2.2976 42.6756 3.00645
32.9502 28.4221 2.10196
48.0368 46.3518 2.63138
36.0033 33.9846 1.65625
31.5621 28.7983 2.28231
8.76805 49.2533 -1.5736
36.2966 32.3659 1.75071
25.1545 49.1486 -3.12983
47.6367 43.1689 2.96909
17.3898 40.3244 -2.27217
5.30342 49.5498 -1.90568
13.0332 44.3039 -1.79193
31.5441 33.5046 1.75404
35.6344 17.1747 2.16975
36.15 24.6341 2.15923
15.1869 48.6332 -1.95491
48.5197 40.0521 3.21395
34.7856 28.7374 2.04927
38.3133 28.7724 2.45011
30.1683 27.6476 2.22352
17.1779 47.6343 -1.69951
12.1924 47.8108 -1.72185
38.8649 28.6203 2.25947
10.7858 48.5537 -1.72488
22.0573 43.713 -1.21006
14.4911 47.3885 -1.73279
34.5775 13.6873 2.10025
0.34374 41.7126 2.94815
30.6591 26.1706 2.23755
25.3347 25.3799 -2.32995
36.1029 30.987 2.10958
23.079 48.071 -2.93591
44.532 34.3486 -3.23328
6.10915 43.3088 -3.21479
13.8066 47.6419 -2.07296
48.1991 43.1493 2.80702
37.7388 21.8281 1.87022
35.7539 29.4427 2.28422
39.7628 34.8607 2.24337
21.09 38.4524 -1.94126
31.4683 32.1741 2.43445
17.4847 29.8719 -3.04345
36.7829 30.756 2.29583
36.0588 18.0509 2.02743
39.6965 29.3418 2.01214
19.9197 32.1281 -2.23689
36.5652 14.6832 2.42065
1.34066 45.2015 -2.82669
14.8201 45.2299 -2.04741
32.8325 31.5949 2.45004
9.52554 0.213463 -1.43028
32.9199 25.074 2.29137
45.3504 36.1346 3.16002
31.6221 30.4701 1.93726
37.3337 26.9829 1.91793
25.7675 48.5757 -3.23337
12.9076 42.422 -2.15469
33.0428 29.4111 2.44449
18.5387 39.0635 -2.42068
35.2157 33.2917 2.01269
3.99526 45.9537 -2.39221
34.7232 20.4024 2.24781
49.2659 49.2554 -3.07334
34.6986 24.4588 2.07678
36.6798 19.1804 2.18836
16.6475 27.5773 3.18183
35.1593 28.346 2.33802
17.0698 48.6763 -1.89719
16.735 46.5096 -1.63617
49.5755 47.4353 -3.05149
28.1227 48.8247 -2.9566
30.3275 26.8229 2.27725
31.2074 34.5678 1.78384
11.2537 48.2764 -1.66391
19.0403 31.9907 -1.74787
40.8825 36.5005 2.09882
34.4773 34.5974 1.92707
49.0268 40.8244 3.02261
3.39265 39.697 2.57163
35.1988 36.1202 2.26672
12.8676 44.9232 -1.99607
9.07811 1.31782 -1.20482
14.3187 1.08221 -1.85304
36.4172 29.9735 2.12315
39.9929 27.1588 2.22356
31.0527 31.2422 2.2157
37.0128 23.252 2.22793
32.7201 27.9154 2.27804
11.2488 42.1664 -1.7224
24.7721 25.0427 -2.27471
8.82782 1.14748 -1.28425
38.5392 26.9915 2.01974
18.3272 38.6745 -2.06612
36.7473 19.1871 2.33295
2.21895 47.6132 -2.48501
0.833494 46.2838 -3.18381
38.0052 28.9907 2.08576
14.1046 45.0831 -1.93643
0.333623 41.7423 2.85867
36.1736 10.2536 2.67485
10.85 48.5771 -1.53055
16.0751 29.1263 2.84508
3.40558 37.6524 -2.36826
18.5814 42.2486 -2.47893
36.0874 33.4315 2.09734
13.741 45.7835 -1.77648
15.6981 45.2029 -1.57384
36.6462 27.0629 2.04802
40.6707 35.409 2.24791
32.6952 33.5608 1.67416
18.3185 29.6937 -3.1112
34.673 28.7884 2.25229
11.041 45.4556 -1.99552
41.8681 20.6882 2.57072
37.2474 28.9624 2.08252
37.0385 28.2781 2.13798
35.0348 19.8783 1.95362
24.3609 2.07957 -2.92083
34.1273 18.7741 2.56336
37.1363 23.5063 2.03235
28.1048 37.8613 -0.798054
32.2542 26.2731 2.29879
36.1497 25.6694 1.87642
36.4844 16.8923 2.46571
34.7751 10.3483 2.66762
40.5248 36.4996 2.17639
17.7118 0.859262 -1.23667
46.3441 45.8822 3.00108
3.42676 48.1348 -2.75455
1.41405 45.2153 -2.985
32.7443 32.8823 1.93643
19.8135 40.9271 -2.43587
35.6829 30.6909 2.17943
37.7261 28.8153 2.04839
36.4268 18.402 2.15674
43.2099 45.1988 3.20616
16.7669 49.3296 -1.53367
32.4555 35.0213 2.15634
33.3213 33.3162 2.21895
36.6676 16.8707 2.40432
32.3134 33.8057 1.85129
35.9464 21.8453 2.0599
15.3607 0.972166 -1.68842
22.9582 48.1403 -2.99156
32.9677 26.7578 2.30712
1.18951 42.7755 3.06281
33.7182 36.0915 1.96668
14.001 45.6107 -1.55877
35.3738 22.9193 2.06252
31.5884 29.8176 1.90568
40.7622 32.3107 2.07865
30.1416 27.659 2.10576
34.8322 35.9511 2.32385
36.9111 31.516 1.90026
3.89814 47.8018 -2.69804
34.9956 25.5342 2.33727
37.6909 29.4639 2.43836
37.0604 17.4796 2.48892
33.2424 35.5447 2.0344
39.3022 34.7923 2.1924
36.9974 27.9001 2.44862
25.4947 48.247 -3.00863
6.30222 44.8159 -2.9731
40.4802 26.9971 1.96083
36.5931 27.2488 1.88592
13.8924 47.1803 -1.60246
16.4355 45.7745 -1.58716
37.6528 31.9737 1.85165
36.55 33.455 1.75136
8.86937 0.550898 -1.51097
22.5132 43.6244 -1.31286
31.1818 27.1772 1.94664
2.13779 47.4874 -2.64531
11.0283 47.6456 -1.27387
24.9523 48.9204 -3.39461
30.5259 26.7165 2.25001
10.6708 34.8922 -2.17372
15.467 46.3126 -1.54579
6.94492 1.42637 -1.83047
36.0418 30.9579 2.32327
21.7827 44.2834 -1.38975
23.4536 22.8859 -1.46348
1.79914 41.1301 2.75345
36.151 15.5326 2.0326
11.1126 42.6229 -1.69439
0.986568 43.6521 3.06754
36.9698 16.9883 2.36759
34.8433 34.1418 2.04622
11.9143 45.6371 -1.55293
14.3342 45.4421 -1.52442
40.5199 21.3187 2.24622
15.5152 45.9846 -1.47698
15.3782 1.36242 -1.59127
34.689 24.8244 2.01023
34.9829 17.8004 2.19543
48.3772 45.7764 2.90998
36.8829 29.0317 2.1351
14.4064 47.2251 -1.59765
17.1419 40.4299 -2.23502
43.216 9.63109 -0.338401
8.30932 1.36643 -1.74421
31.9693 26.112 2.39688
32.6504 25.9041 2.42988
38.081 20.6445 2.72638
16.3508 45.0101 -1.54083
36.8527 30.2017 2.3597
46.9707 45.9668 3.07548
1.60506 45.7538 -2.88888
11.1648 44.641 -1.84869
15.5531 27.5982 -3.13395
31.4916 33.7238 2.07815
40.7569 36.5803 2.0642
31.3463 29.0958 2.07376
11.3332 45.8725 -1.89284
38.9618 28.3077 2.31436
10.6607 47.0004 -1.30742
38.0377 20.0164 2.1957
49.1198 44.7607 3.08029
33.4851 30.1978 2.06402
38.3327 28.7434 2.01612
40.0121 35.9514 2.0671
0.645548 43.3689 2.82546
12.2511 45.7496 -1.57869
42.1745 24.4593 -2.56279
31.8721 35.4901 1.98856
24.3213 48.2812 -2.83066
33.6139 28.3388 2.03164
46.4826 41.6698 2.68846
34.2117 33.4946 2.09369
35.3602 27.6947 2.4257
34.2467 24.7914 1.96431
33.5106 28.0963 2.05952
0.517424 42.8537 2.90054
24.7745 49.8596 -3.32284
0.218904 47.7417 -2.91157
31.2904 31.786 2.00209
8.70837 49.8098 -1.59837
38.174 23.8449 2.22291
31.3473 28.6963 2.09074
33.1798 25.2567 2.63624
2.81755 43.1541 2.84942
42.2835 27.0524 2.07927
17.5906 29.4698 2.84698
15.8944 47.9996 -1.5047
9.84394 1.22722 -1.19239
37.1103 17.9279 2.42306
36.6536 16.859 2.49864
48.5181 44.1871 2.90478
37.4179 29.0507 2.10226
6.60915 0.532821 -1.61284
34.4433 31.2394 2.08511
37.2386 18.2929 2.42674
2.28328 46.2563 -2.85204
38.8471 32.1633 2.01751
35.8199 20.1504 2.30536
20.8409 44.3723 -1.16272
12.6795 45.9679 -1.67477
15.2603 49.5454 -1.63452
38.9896 29.3346 2.34605
13.0102 47.5165 -1.55578
14.8596 44.0227 -1.88396
32.9054 28.9473 2.26233
14.2541 44.6401 -1.60742
3.79987 40.852 3.18582
13.5591 44.4873 -2.00325
38.1026 17.9323 2.40621
32.1681 32.7534 1.84837
39.961 35.54 2.26423
11.9584 2.17153 -1.26429
39.4683 29.7601 2.24836
13.8584 45.6315 -1.43979
24.2485 48.4687 -3.22671
12.5963 0.0905626 -1.34848
37.8541 15.9329 2.54685
35.7431 27.9121 1.9432
15.0094 47.9111 -1.61591
30.7014 30.8234 2.29883
14.1228 49.5422 -1.89306
31.815 35.3478 1.73253
34.1076 36.897 1.86547
9.63084 0.42894 -1.32518
35.9271 27.7884 2.04875
35.2453 11.5783 3.06374
2.12014 43.6385 2.82565
36.3042 28.0262 1.91021
6.37287 49.7431 -1.81706
11.2477 1.00191 -1.27228
31.9348 30.6853 2.46619
39.9659 29.2249 2.35523
1.5696 46.8192 -2.95049
35.3291 18.4708 2.1668
26.0664 49.7054 -3.28971
10.8786 42.3921 -1.61007
1.97665 39.4295 2.51519
35.1765 29.5183 2.16547
35.0648 18.5659 2.07162
12.0523 48.7272 -1.65427
38.1654 17.4306 2.70937
46.7203 45.6857 2.85697
37.1247 25.0071 2.3756
25.1434 0.996643 -3.12447
14.0298 44.0648 -1.87849
0.857858 40.6671 2.97209
35.394 29.913 2.48824
33.7267 35.2448 1.87429
18.9511 40.4516 -2.53311
40.3273 30.343 2.39027
49.2377 43.6172 2.8604
0.977673 45.4289 -3.03365
34.61 24.8444 2.30195
32.4417 34.3936 2.14658
17.1771 43.8189 -1.75234
40.1852 37.2851 2.34023
27.7368 38.7981 -1.01304
0.762996 43.8056 2.74162
34.1019 28.8167 2.33644
10.727 48.0962 -1.52705
7.05424 0.437024 -2.02839
9.94969 34.5526 -2.14849
41.8525 36.4052 2.29979
11.4101 46.9775 -1.74788
38.0168 28.1322 2.39973
26.3391 48.2078 -3.37795
23.0025 43.8939 -1.39173
33.7681 31.3313 2.13142
35.7307 19.2561 2.45936
18.7691 29.1669 -2.77952
39.3688 30.2914 2.20674
6.66305 49.7828 -1.64695
40.0844 30.6461 2.41865
16.0285 47.3309 -1.85609
24.974 26.3032 -2.38815
22.6182 44.4505 -1.20016
37.1069 29.3999 2.17824
45.1344 44.2408 -3.25099
13.4839 1.52938 -2.08877
16.176 48.3113 -1.57796
42.1453 27.1886 2.05004
26.0637 49.9673 -3.37161
13.3629 45.2847 -1.80403
34.4648 11.1803 2.83875
32.1958 29.6085 2.34714
40.7162 28.712 1.96904
25.954 48.5854 -3.26359
17.2026 0.288448 -1.7803
37.1217 21.7424 1.77942
12.0172 2.12855 -1.24861
1.66865 40.9075 3.16246
16.6122 43.7627 -1.99347
0.0520759 41.036 2.87186
6.86706 49.6061 -1.70839
16.239 48.1804 -1.7625
3.70004 42.6035 3.20851
15.2664 27.9127 -3.22934
32.2185 25.5589 2.23529
49.491 40.5545 2.92654
13.8386 47.7493 -1.87811
35.4111 30.3463 2.06463
34.7063 17.2586 2.16522
27.3071 2.44434 2.24384
30.5623 29.4559 1.96197
40.823 36.9779 2.22443
35.7742 24.1706 2.39409
35.0552 28.6578 2.44361
41.7638 25.8572 2.262
31.3046 27.7015 2.13258
34.1131 31.3336 2.28924
30.796 31.988 2.23955
35.8214 27.7578 2.01502
31.0403 34.6913 2.23177
33.7501 33.4451 1.93884
16.9719 0.69204 -1.41549
36.8382 16.7725 2.17071
38.5855 30.1324 2.0843
30.7435 28.0734 2.29299
31.4904 25.8452 2.1568
35.3617 25.1596 2.21263
34.7828 31.5062 2.41474
32.2885 28.899 2.05837
39.7397 31.4377 2.09892
38.5264 28.0288 2.38728
18.0922 40.4996 -2.42327
49.0272 45.666 3.00291
38.0742 28.6331 2.00443
11.9887 48.3576 -1.712
49.5289 44.1132 3.17256
40.9582 34.1576 2.59454
19.3319 31.4852 -1.83363
13.9421 2.04572 -2.06779
46.4753 45.2647 2.93349
15.3505 47.7187 -1.73733
31.1209 30.4955 2.09281
3.90455 42.2575 2.89261
47.1794 43.6653 2.64089
41.2725 22.5385 2.34644
3.21968 39.6589 2.50739
5.03976 48.634 -2.05086
14.4442 48.1031 -1.66868
11.091 0.884026 -1.29687
49.6481 48.9594 -3.28374
12.0514 46.0515 -1.83458
36.4866 33.6487 1.97145
0.0240655 49.1588 -2.8617
32.4521 27.2903 2.15428
32.1612 32.8273 1.89455
13.2183 45.5574 -1.69386
0.940219 47.3004 -3.04275
36.4365 15.2243 2.13117
5.61082 43.4987 3.16043
37.9701 31.1254 2.13441
5.20628 47.4157 -2.28977
2.26193 45.4591 -2.74088
5.54857 47.6705 -2.26691
34.5662 32.6932 2.02802
31.5814 34.7607 2.0644
37.8569 23.4356 2.19387
31.9256 33.7403 1.94267
32.9363 28.4077 1.9378
32.1453 27.7914 2.28279
37.9541 30.8467 2.07931
31.5921 25.4072 2.42022
13.0008 2.39828 -1.61002
35.9138 18.5807 2.40104
35.0634 19.3471 2.4336
14.6721 45.2939 -1.55364
35.7708 27.7705 2.31402
38.7054 27.8563 2.19205
33.2535 27.0651 2.11597
0.0913727 47.5598 -2.84502
35.2513 24.1898 2.16791
47.6698 39.0105 2.44739
36.5698 19.4456 2.17934
23.8458 2.22398 -3.13024
24.7887 0.409989 -3.38105
43.6419 9.66505 -0.557131
19.1109 29.8693 -3.17498
0.0780467 40.0563 2.87584
31.6254 34.5719 1.89603
35.9708 18.4532 2.52213
12.7333 45.2335 -1.72317
48.5917 31.0898 -0.686482
32.0807 34.6126 1.8024
18.8707 29.4673 -3.00759
46.5812 47.0852 2.73047
15.2658 44.6082 -1.56007
14.3732 0.170741 -1.85317
13.3634 44.8036 -1.55257
36.9535 34.5427 1.98004
1.0218 43.8098 3.18281
37.5718 33.4792 1.95604
36.4749 32.9381 1.80559
15.6785 44.9463 -1.66957
34.2609 19.1636 2.27729
14.0279 43.4259 -2.15425
32.0453 35.3281 2.06853
12.62 44.0848 -1.98235
16.54 48.7828 -1.72302
13.945 44.8753 -1.76895
38.8019 28.3177 1.96341
42.5721 9.68726 -0.427493
11.4119 45.1467 -1.62984
10.2822 47.8786 -1.62571
15.2169 47.2497 -1.46134
12.8768 44.8604 -1.61136
35.6737 15.0874 2.04519
37.4484 30.9607 1.9982
35.8996 25.2926 2.42277
14.9865 41.2306 -2.00372
48.629 43.7998 2.98181
38.2977 32.4851 1.89812
23.8002 0.323335 -3.34798
36.5537 25.9912 2.01349
5.05067 43.125 3.07322
31.8013 34.8078 2.25046
8.40542 0.144152 -1.62396
16.4472 43.2737 -2.06631
30.7859 28.7621 1.81079
3.04794 41.1047 3.14389
14.4074 31.0597 -2.06647
38.1792 24.0253 2.26844
7.17907 49.991 -1.67898
25.9498 3.89824 2.51175
17.6935 28.7683 3.08663
35.8255 30.1435 1.92637
40.4147 32.573 2.04397
31.9037 28.3282 2.34745
37.1044 28.6405 2.43292
18.0869 41.2745 -2.53039
2.84384 48.2056 -2.57376
25.6802 0.968487 -3.00951
34.6728 11.3542 3.07325
35.4329 16.203 2.07854
25.739 49.2566 -3.21
35.0006 25.1018 2.22058
3.25136 46.3552 -2.98826
35.0178 33.1587 1.86104
38.1044 29.8804 2.27491
38.1651 28.354 1.97388
40.2786 31.269 1.99135
10.7234 0.52308 -1.33188
36.3342 15.2764 2.33417
31.9877 29.2488 2.08911
14.0947 0.831727 -1.98993
40.9753 34.9903 2.35654
16.5899 39.2718 -1.9514
38.4755 34.5048 1.97708
34.6778 31.424 2.31032
35.4858 28.225 2.12383
32.7975 32.5602 2.11916
4.78264 42.7679 2.75408
35.6871 14.3277 2.27014
37.896 25.8129 1.89578
15.344 45.3119 -1.45398
13.3737 46.922 -1.59901
47.7165 43.7603 2.70964
32.7845 31.7526 2.35071
40.7501 34.9241 2.39805
2.50765 49.0809 -2.7281
12.5348 47.5118 -1.95622
2.70783 42.6739 2.83525
2.90222 46.8627 -2.75036
38.3913 23.9653 1.9645
34.2714 28.9194 1.86019
14.3338 47.2765 -1.69311
35.4212 24.5007 1.86198
39.5953 37.4726 2.45985
3.3459 41.3873 3.04067
49.6219 40.1333 3.08766
41.5819 34.0292 2.59478
2.20869 45.0109 -3.18092
17.0459 47.498 -1.83389
36.0487 19.5412 2.10324
15.6437 29.8309 2.89338
31.6602 23.3282 3.09835
37.6864 26.5123 2.28242
43.6801 31.5699 1.60997
27.9883 48.8431 -2.73047
12.5614 44.1112 -1.71602
36.1812 25.5296 2.36459
12.9868 43.6849 -1.59468
21.9708 42.4075 -1.72813
46.8052 44.7896 2.70298
16.6107 47.804 -1.61076
40.46 31.3038 2.35008
0.214167 42.4283 3.05577
17.0676 45.6422 -2.14174
24.0201 47.987 -2.86479
37.1407 25.7204 1.90813
3.71602 47.2822 -2.73168
30.9695 27.1572 2.11243
35.6082 18.7366 2.23768
34.0712 28.0574 2.06469
23.5761 47.7607 -2.94612
4.06908 47.5584 -2.49115
32.0265 30.6441 1.99248
10.1481 47.9696 -1.75096
40.2703 25.7804 2.37459
39.3424 33.6171 2.44681
22.9403 48.2205 -3.22745
34.3863 33.9794 2.11125
17.6692 46.7213 -1.96689
37.601 30.228 2.34843
1.5524 47.4721 -2.68087
7.62943 1.24008 -1.48527
16.4474 47.642 -1.6117
24.371 0.756314 -3.3164
35.3632 19.5477 2.29181
34.6258 28.0007 2.48293
49.987 48.8278 -2.98703
14.509 0.611963 -1.80385
39.8446 33.3931 2.18918
39.5401 29.5488 2.04489
34.1534 31.4123 2.13451
9.33053 35.099 -2.17606
7.04922 0.594206 -1.92938
32.294 33.7497 1.93576
36.4266 32.8049 1.72793
32.3823 34.904 1.75145
2.34604 46.6173 -3.10036
32.3486 27.8228 2.36873
18.1752 38.4003 -1.89704
11.0233 48.7786 -1.19231
31.4841 33.9761 1.96324
39.3993 37.2938 2.53149
47.6945 44.5256 2.95531
39.4643 30.7616 2.31531
34.9807 16.8215 1.89142
0.358614 47.1628 -3.36764
34.7924 31.5246 2.50493
0.396929 49.3674 -2.87986
49.9493 46.5853 2.84266
20.2013 31.0706 -1.88737
35.6854 30.8498 2.27459
36.5745 31.6766 2.28443
26.7086 4.71952 2.88759
41.0324 34.5414 2.279
36.9632 29.8574 2.06988
35.26 28.0912 2.14118
0.760263 44.8012 3.14412
14.1225 30.4278 -1.90884
25.8716 49.8222 -2.82173
5.31762 47.521 -1.96942
15.4543 46.5596 -1.75441
14.896 45.4152 -1.85488
9.04064 0.148275 -1.71379
35.4405 10.4874 2.79743
38.2704 17.4757 2.68209
30.3178 25.079 2.67695
36.6975 14.1732 2.29663
37.1617 29.7823 2.30034
29.9818 32.4759 1.81093
19.2823 38.2966 -1.98879
36.9686 31.114 2.15339
48.498 44.3239 2.98252
13.6984 44.9708 -1.84694
37.9983 19.6159 2.1527
49.1817 48.0625 -3.35714
36.5575 25.1476 1.99242
36.2801 29.7293 2.13016
37.3148 30.9246 1.97333
41.8816 23.1038 2.13448
30.1318 33.2717 1.82455
49.8588 48.8272 -2.83575
11.8658 43.6428 -1.7146
32.721 32.3195 2.41124
12.8174 48.5297 -1.30165
13.7881 47.5204 -2.03035
38.9831 30.1598 2.17709
31.9439 33.0975 1.96061
4.8854 48.0631 -2.29939
36.5919 27.1316 1.9564
15.2505 30.9613 -2.37122
36.862 15.4028 2.40009
34.8312 24.1256 2.19621
16.2207 47.7595 -1.56943
8.35963 49.8684 -1.49692
40.2974 27.7339 2.13678
37.064 27.3722 2.04793
6.02117 43.0819 -3.21317
40.4686 29.9499 2.08927
34.8174 30.1444 2.49397
39.6311 32.9786 2.23504
36.4714 13.9212 1.932
40.4436 28.7554 1.91346
20.1846 38.1255 -2.05511
33.0663 34.3759 1.75075
12.8131 0.216405 -1.5358
35.4613 33.7643 1.72132
25.543 49.5863 -3.05021
3.24492 42.0369 3.00262
30.8259 30.3264 2.27162
1.10177 45.9315 -2.98027
37.7035 30.0385 2.00823
36.313 26.674 2.35263
32.2028 26.0801 2.21967
1.25057 41.7437 2.70155
26.1306 48.2899 3.00269
11.2564 18.5376 -1.57369
11.2972 46.9016 -1.69996
47.8331 41.6564 2.88304
4.55871 42.1177 2.65702
31.9305 27.1907 2.00432
5.93748 49.8357 -1.708
35.3482 19.5551 2.0341
14.4477 43.3815 -1.974
48.2913 44.4192 2.75441
15.7939 48.2591 -1.49743
3.34344 47.2324 -2.83065
3.6067 39.8545 2.99884
12.7322 44.6929 -1.80669
35.7535 30.5182 2.48569
37.7262 31.7634 2.05535
34.0033 34.2374 1.95258
36.2247 17.607 2.07476
20.7227 44.7711 -1.53134
48.7625 43.2396 3.0604
37.3686 33.3281 2.18346
26.0008 4.27529 2.58995
34.1132 14.2023 2.02971
4.61919 48.5422 -1.86096
3.91826 45.7442 -2.42104
37.6866 29.6133 2.27263
13.906 45.1335 -1.71104
6.10602 49.067 -1.69825
38.8822 39.4138 2.466
28.7247 28.6759 2.12968
35.6926 24.845 1.85327
10.5328 0.90792 -1.17225
31.871 30.7921 2.4735
17.6257 0.173024 -1.83494
38.1279 33.1992 1.86179
47.0793 44.6945 2.69303
17.2667 27.4371 2.71751
11.1909 0.53069 -1.11938
24.7045 2.11801 -3.03625
35.7774 29.8638 1.94295
1.14039 42.3215 2.76417
30.7304 30.8685 1.92499
38.0733 25.6858 2.1263
44.8194 35.9468 -2.90801
25.2805 1.87301 -2.84561
37.0248 26.5288 2.25973
14.821 49.6494 -1.55713
26.5174 5.24055 2.7103
36.4057 22.8457 2.09637
14.6781 31.4278 -2.02564
43.3231 21.6477 1.81446
34.607 27.6235 2.35702
35.8724 27.1843 1.93617
48.5127 41.3383 2.89704
46.9125 46.2173 2.63038
10.0408 0.868237 -1.25835
30.4302 29.4786 2.00424
37.9742 29.4451 2.06109
37.0227 28.2498 2.29314
41.6564 34.5587 2.23637
35.8293 34.4514 1.71667
36.5855 12.9924 2.05306
34.8268 27.7758 1.91689
5.17064 49.5797 -1.63464
0.241314 46.842 -2.96322
12.8096 44.154 -1.94614
38.9748 18.3274 2.61635
35.1806 28.5243 1.99438
13.6941 47.6602 -1.72666
32.7324 28.6421 1.92679
25.485 48.4422 -3.25982
10.4138 49.9407 -1.553
10.2567 17.5262 -1.41071
14.4973 0.313491 -1.71435
32.4175 28.5303 2.12093
37.2714 19.5662 2.2051
